15 5758.9153506795656 1414.089820604034 3722.21267367052 5774.934066106006 1413.2457427082252 3718.5033926635588 5797.0001952592047 1412.5089107260872 3716.2983670852996 5832.2126734897302 1411.1443721384967 3708.3520497634945 5842.1057596783694 1410.6539342831409 3705.8949296072219 5855.3339553007454 1409.2398065137174 3701.7017949015294 5878.5031169090789 1405.4346796720376 3689.4515983390861 5899.9210239629592 1401.2005388711161 3676.3116784304339 5916.6800764705777 1397.6607772167304 3663.203616845638 5935.537735955555 1394.5011290908101 3645.0530803471147 5954.8559383715092 1389.2230279441449 3624.4516205191267 5974.7522752840005 1385.4245044070672 3608.1733519683689 6012.3030344239041 1371.3197238382686 3581.8901329586361 6030.3469850113152 1351.153853353293 3574.3519860645197 6045.045823264003 1332.982136324835 3567.2973555209355
6 6414.531688856664 1370.4103304261762 3610.9406656335873 6402.776866264765 1352.9236438374417 3617.7471869813253 6397.5111847316102 1339.5060900279434 3624.0830861949812 6387.7112918429984 1315.5262040274513 3634.9980773461216 6385.2303223898807 1306.6889673640392 3637.7155099953252 6385.671066735129 1270.6331484729067 3657.4023696806471
7 6414.531688856664 1370.4103304261762 3610.9406656335873 6369.4248442578337 1373.7260678176608 3595.4017516700928 6343.811016878064 1377.2053619962035 3584.6639838339352 6329.7002917630944 1377.8441692276451 3578.706435675565 6311.4804667113985 1379.1995308639584 3570.5313874815756 6277.2070531237032 1373.2074507823586 3561.0686647383177 6255.6617666983902 1365.2597312941255 3558.1745371022707
4 6414.531688856664 1370.4103304261762 3610.9406656335873 6455.016120311022 1375.6753405975901 3620.7602190649336 6486.4167548253872 1380.327267410315 3628.8286497848894 6527.4806437711732 1381.9556541297748 3647.3413977218274
12 7707.6570497465891 1119.0112510754016 3097.6086172437249 7644.5579471089404 1135.6074778514487 3126.7757738320747 7609.1954443684999 1150.4317694399742 3142.0011844501805 7591.8333490181585 1158.8139482924632 3149.0459974766577 7578.8506938612081 1165.5387701920486 3154.1297344466702 7561.507776259803 1170.8995561786392 3160.7235611772658 7542.2276873242299 1176.4917351429674 3168.0857865823509 7525.0316685943917 1181.966055112626 3174.6769347364657 7496.6227501967023 1191.1204213284345 3189.5421599268166 7480.1269571453613 1197.1918178545809 3201.2054236833137 7476.6627343415603 1198.4527711281617 3203.6038129839908 7464.8001808389381 1202.7050274892781 3211.5765377629727
18 7707.6570497465891 1119.0112510754016 3097.6086172437249 7755.7418383923732 1130.2875779978572 3070.5841854512687 7774.7101643495926 1135.9609893041575 3059.3890073443508 7791.5773159366736 1137.3888393571099 3048.9232105917272 7808.0446732201062 1137.0974558427065 3038.6711899710667 7821.0445495469803 1112.6157177039984 3036.429877727609 7830.8593541535547 1093.7722674680722 3034.7615741211021 7841.2545200375625 1057.6127883217089 3036.7569441286782 7823.6526812382208 1020.7891113205134 3054.674326999304 7817.115369469273 1013.1718568187781 3059.9325158133861 7807.9186124126118 1006.5051812553295 3066.3440428035974 7784.6619234336076 989.70406865536415 3082.543980641507 7755.0008657598373 990.25986737751839 3097.6928715222566 7739.4505264188119 1015.2000512495642 3101.4191144709998 7729.525329092593 1035.8197139420486 3102.6663078040137 7720.8583473293547 1053.366178975803 3103.7882543010614 7703.8624972106918 1080.5056067294904 3107.1724034857953 7707.6570497465891 1119.0112510754016 3097.6086172437249
7 6705.6723411463809 1446.0406504041825 3795.425529669928 6694.3328804388402 1443.1170493665657 3794.6058475206014 6664.7804635956709 1433.7909807507147 3787.6750338812963 6629.9262829354066 1421.1616359973311 3777.9260342553584 6614.5993273335489 1411.7745605962871 3768.6372563996579 6611.7313872968234 1409.9046270787287 3766.8480735028697 6597.9509337163445 1400.2041655767637 3737.3339899502657
4 6311.6175549220052 1156.7925079659203 3600.672996838015 6331.9029458314444 1191.6451135450479 3622.4211745055618 6341.9920536350537 1206.3895424400234 3632.2776854950789 6385.671066735129 1270.6331484729067 3657.4023696806471
8 6311.6175549220052 1156.7925079659203 3600.672996838015 6281.5886997555381 1174.3461003591674 3603.5675008645139 6241.1917283939001 1189.0711037040387 3588.4310674649969 6218.8349718165209 1199.2410650899085 3582.7109902391203 6200.9651929362099 1217.5216419067215 3575.15660778342 6188.6113987299705 1233.1209140948181 3568.8067876163359 6180.4688915667266 1265.8607623897929 3563.3434482463226 6164.9874531910691 1285.9755927689594 3562.949663810633
11 6311.6175549220052 1156.7925079659203 3600.672996838015 6301.8217619874767 1124.769052200405 3582.3741604793545 6301.6058308835209 1097.8890183205278 3568.8348922093119 6296.1980163830103 1082.4608779680284 3561.4707960227543 6294.4811900478144 1071.4958484069291 3557.1565457190341 6292.0203211519956 1053.3031379983906 3550.3263514353639 6289.8204890285924 1037.2025132325518 3544.2784043505189 6289.1410609741251 1025.6964964576657 3541.0832354646959 6288.4709487426917 1009.4845950120547 3536.7361561143694 6290.6072048360602 990.50186522514559 3534.593766248086 6292.4640282341816 973.22035096676825 3532.6252055877353
9 7390.0607408998221 1271.58676904873 3366.1891628402796 7401.713642725088 1257.8772109227029 3338.6890327517408 7409.1650930895221 1245.0739762377818 3315.5927032851541 7414.8487610846114 1235.6435526277037 3298.2996238374972 7417.9721279295409 1231.117450382688 3288.7956140899901 7425.4136478503215 1225.1661415654 3270.8615089994355 7430.4352597224779 1221.3965333310109 3259.7315159205814 7446.4235222761145 1211.8910160894845 3234.1499310004624 7464.8001808389381 1202.7050274892781 3211.5765377629727
15 7390.0607408998221 1271.58676904873 3366.1891628402796 7334.210190047731 1265.6138331305538 3398.1714832137559 7319.9144787920404 1264.4564961514498 3400.5807321936495 7286.7505054754347 1267.4554040623548 3404.1340391107965 7264.7950619760613 1270.4063671407298 3404.8623373268606 7253.8226546782116 1272.0664792769392 3404.9014072176265 7229.96968599504 1275.6302958418587 3404.9699264350043 7218.8476970069796 1277.7972014502686 3403.840897112821 7196.024004238302 1283.1085140863113 3393.7475099318308 7176.4660339777138 1287.574544925355 3384.8440517031499 7163.2639493820361 1290.5081159690362 3378.9741746145969 7126.1635607517919 1299.3424728487219 3358.2888032518326 7091.1847871087439 1310.4133601607487 3335.9741202393579 7083.1030910481913 1314.186972535178 3328.872743017555 7069.5588880033156 1333.6004340049908 3281.2105408292896
7 7390.0607408998221 1271.58676904873 3366.1891628402796 7414.5124223686689 1299.1441403319777 3385.5748226168998 7422.5426904759915 1314.0446925807835 3397.7572891805216 7429.8488920710806 1324.8219704327673 3402.2249306914518 7434.3910363957548 1331.0888568751625 3403.9000060249659 7445.7716542534617 1347.9851938454688 3408.736745854219 7455.7265678279773 1362.6403661195382 3413.4884198038221
4 6489.0625755123801 1323.5992981771803 3702.9671787993066 6567.5934526661658 1348.341714623486 3710.8345870819617 6574.1696585999862 1351.1003503504155 3712.5082811663092 6597.9509337163445 1400.2041655767637 3737.3339899502657
7 6489.0625755123801 1323.5992981771803 3702.9671787993066 6463.8396974300276 1305.4904533571578 3710.8181316834425 6453.2128662719942 1296.0362363358788 3710.221161764608 6438.5917627369863 1283.5913209800844 3707.0890179435683 6418.5433494557255 1268.5154426451963 3699.5257225807331 6405.3960965152364 1262.7623934830951 3686.3031114543905 6385.671066735129 1270.6331484729067 3657.4023696806471
3 6489.0625755123801 1323.5992981771803 3702.9671787993066 6495.1371028945141 1339.2967714298711 3692.1296121883402 6527.4806437711732 1381.9556541297748 3647.3413977218274
4 7345.1813307272896 1352.0922851742826 3057.0162224024107 7334.3839405392582 1342.7868205902184 3062.7038250042046 7310.3919576028666 1327.0987176048297 3076.6187480265562 7271.9620896803217 1304.8428833446151 3100.4235464673347
19 5814.0163122191771 1055.702069408637 3444.2339968672518 5830.9451816821393 1067.427004673415 3452.2506191152438 5837.3021313380013 1071.9151523042544 3455.3231459998551 5845.4961456443871 1077.7470198946708 3459.2850721517257 5856.6938242929527 1085.9175758647921 3464.7566813912003 5876.4207494966076 1101.6609055056206 3474.7813933743964 5892.8743545525394 1117.678880182151 3483.2504555065157 5905.0807767133865 1130.2072514295962 3489.8546429698285 5925.0737808285357 1150.9695362189475 3499.9373819313978 5937.2561092221222 1166.7420983712518 3507.7467089991464 5944.9674245338083 1177.1277377848987 3512.642579751398 5953.2995236816723 1188.3697522041123 3517.7792447299685 5969.4825964484853 1215.2327229648081 3529.5544500956962 5979.5379306452796 1231.4142063315928 3536.1274728918543 5992.1391054939913 1255.3662394058624 3544.3657995284907 6002.3262546688538 1275.2789942173479 3548.5866772518334 6019.6551578238796 1296.3851641927399 3552.6626042915727 6035.3078005560274 1309.997887790088 3557.9813331508813 6045.045823264003 1332.982136324835 3567.2973555209355
13 6733.2418501444499 1083.9394238338857 3276.3883271789805 6734.0971424965755 1096.679588358913 3276.4632775721002 6737.5594214984276 1118.8774000345486 3277.4839475940121 6741.8944251493285 1134.935218882021 3277.913018870468 6744.3162391214364 1143.1978753785099 3278.1391868907976 6747.7653594861376 1153.8965015397273 3278.6178092250666 6754.1373327121482 1170.6953039493299 3279.3943377533583 6770.417749917804 1214.0704725731123 3281.4101130707081 6784.5271583460699 1235.1849650235263 3286.338075396754 6796.0287812969173 1255.6069913336835 3289.8423086003668 6816.6810239215647 1300.3921216367571 3298.3896003700147 6834.7603691164759 1332.6754553203746 3303.69331210671 6861.1802634101068 1372.0501319469702 3312.3787251909844
12 7464.8001808389381 1202.7050274892781 3211.5765377629727 7424.4326838705138 1204.167035703807 3187.4431922450162 7409.3175409956821 1204.7417802204184 3178.4942733759344 7395.56091785232 1204.4472549002585 3167.2952855827366 7382.3217649612634 1204.9015226632789 3156.0652307841815 7361.7133439831196 1209.5965962243565 3139.0024746854756 7352.5206527084556 1214.1658537551341 3133.2774779272549 7337.2066300338774 1222.6715594387099 3124.33156890088 7323.9686453932291 1232.3621744253855 3117.8891859427799 7294.1573184349591 1258.7416647833106 3111.141063266095 7275.9697286757955 1276.1289156358703 3110.8558738113907 7271.9620896803217 1304.8428833446151 3100.4235464673347
7 7069.5588880033156 1333.6004340049908 3281.2105408292896 7030.9803014637464 1333.3938754053404 3300.2926995747816 6988.5228325861071 1340.5556319172524 3300.6666532403892 6964.2395084292584 1344.1844209954654 3304.2256913745678 6944.8947184063263 1346.9753963181265 3307.7691800270891 6919.2242771345864 1352.0390717397308 3310.1176441058924 6861.1802634101068 1372.0501319469702 3312.3787251909844
13 7069.5588880033156 1333.6004340049908 3281.2105408292896 7082.3353747259534 1342.1585747376409 3251.4369968280134 7101.5856901714296 1347.5134106386201 3230.1402952658632 7109.8803622043924 1351.3254332474467 3214.2038647128356 7119.3185286692524 1354.7466686652353 3195.0432851882265 7143.2731897523372 1348.9988219060704 3161.7695118316915 7157.9118453424753 1343.3653205079372 3146.2775195457243 7167.5065596670302 1338.7354863261812 3138.958302803615 7182.0024319682734 1331.1513391054416 3131.4998391191161 7198.8489077923869 1322.5480353656387 3122.0294722960275 7220.7064681309148 1310.9921769835905 3117.6173876180219 7236.060996042127 1303.0243241796968 3115.0104768499068 7271.9620896803217 1304.8428833446151 3100.4235464673347
2 6633.4886797619702 1421.6276930584449 3613.6016675340766 6597.9509337163445 1400.2041655767637 3737.3339899502657
2 6633.4886797619702 1421.6276930584449 3613.6016675340766 6694.8154825075817 1472.698887039935 3527.2034880787692
2 6633.4886797619702 1421.6276930584449 3613.6016675340766 6527.4806437711732 1381.9556541297748 3647.3413977218274
4 6687.0537840622792 1716.9008540989817 3447.131126659373 6687.5548472189939 1661.3514884536169 3441.6381124057593 6688.9402339273493 1651.3732248719541 3438.3768000082355 6694.6004187564731 1633.7959741854195 3418.4167445730595
10 6694.8154825075817 1472.698887039935 3527.2034880787692 6680.8792461085768 1532.5227705339194 3494.8373289945648 6681.9535093811928 1545.8040371726638 3485.7051906581069 6682.4193648213632 1561.5992879150833 3475.1889118991908 6684.4736914514369 1572.7895656101473 3467.2260286091023 6685.5754610090989 1578.0285483305001 3463.4391898742997 6688.439950153158 1592.2960502193225 3452.7473709742599 6691.8631735790395 1608.6858661527215 3435.139223051498 6693.2162937652465 1614.952148532981 3428.217243400959 6694.6004187564731 1633.7959741854195 3418.4167445730595
11 6694.8154825075817 1472.698887039935 3527.2034880787692 6730.8328910862874 1483.312038477532 3498.0742702229436 6747.8291279965551 1481.9702577315422 3488.2987757140131 6780.6542486484586 1461.1799749585011 3477.0303547539575 6811.1626769136974 1426.2441279084717 3456.8656208477482 6826.7499500879803 1408.5395598254597 3426.511762625652 6829.1554096966283 1404.8137205229814 3409.7200465849664 6830.430242891528 1402.3793683054685 3399.3890935188406 6833.1587981423645 1395.1764940038993 3374.3946944702247 6833.0361508298429 1393.1548881896065 3347.5206084782212 6861.1802634101068 1372.0501319469702 3312.3787251909844
2 6256.6535669053228 1383.9177547984787 3540.5501748267893 6255.6617666983902 1365.2597312941255 3558.1745371022707
14 6694.6004187564731 1633.7959741854195 3418.4167445730595 6702.4494363120466 1633.2841964920603 3385.8424870347544 6711.2400171054242 1632.8150161551728 3351.7990058866076 6720.3813216063909 1618.0766943080266 3328.6588832671687 6730.694594551841 1603.05257748996 3303.3366432444254 6738.9007906810175 1591.7796124843599 3285.3773883741596 6744.0292281144148 1583.5375173923876 3278.2818421078205 6764.9544640675931 1544.7930863407312 3257.6658130458013 6773.5123738252714 1525.0387883362514 3255.2333404184019 6782.8306462203645 1503.5571831451332 3251.3381616355191 6789.8429034770479 1486.2388587738214 3255.014837895751 6806.3684439416984 1452.9242650253116 3273.5127019994666 6817.8475413948545 1422.9066890882029 3291.9378045517192 6861.1802634101068 1372.0501319469702 3312.3787251909844
5 6255.6617666983902 1365.2597312941255 3558.1745371022707 6224.5667279523577 1347.8282519181596 3558.4507093115149 6205.4380766973636 1336.4479367154568 3558.941643053603 6196.3585330712594 1323.6782994849723 3559.926753443603 6164.9874531910691 1285.9755927689594 3562.949663810633
7 6045.045823264003 1332.982136324835 3567.2973555209355 6079.6811071100446 1324.2419569111623 3564.3365021714285 6097.9133579636882 1319.0904007277695 3563.9194888326529 6109.0106074701162 1315.0581500600574 3563.6009791990596 6127.6228211319212 1309.0889930754283 3563.1782817745266 6140.4229626159113 1306.0117597781898 3562.8538775139518 6164.9874531910691 1285.9755927689594 3562.949663810633
